#monster
0
0,8402288
0,146145
5
#hero
0,86163133
0,17112435
0
null
#monster
0
0,5739059
0,23707946
5
#building
0
0,28947368
0,29980657
22
0
#monster
0
0,7867728
0,29984516
5
#item
0
0,8232594
0,331786
True
1
#monster
0
0,76543975
0,35216329
5
#monster
0
0,69714844
0,39663452
5
#building
0
0,20263158
0,4139265
21
0
#building
7
0,5
0,5
15
0
#building
8
0,81842107
0,50096714
20
0
#monster
0
0,9475471
0,56848615
5
#item
1
0,5567038
0,59961265
True
1
#item
1
0,71404886
0,6239928
True
1
#item
1
0,5319948
0,6254234
True
1
#monster
0
0,598896
0,6764462
5
#item
3
0,06958134
0,6912074
True
1
#item
1
0,5374587
0,70886946
True
1
#item
1
0,7159293
0,7212619
True
1
#monster
1
0,82119405
0,7274279
10
#monster
0
0,8790896
0,7545573
5
#item
1
0,7085968
0,76374143
True
1
#item
0
0,27120084
0,7695662
True
1
#item
1
0,6520956
0,78083533
True
1
#item
0
0,132712
0,7979462
True
1
#monster
0
0,5706156
0,8742195
5
#item
3
0,4011783
0,91044253
True
1
#monster
0
0,64928424
0,9208997
5
